2 0.04052734375 0.58984375 0.05224609375 0.583984375 0.078125 0.580078125 0.09716796875 0.5852864583333334 0.1083984375 0.5852864583333334 0.1103515625 0.58203125 0.10888671875 0.5325520833333334 0.11083984375 0.5 0.109375 0.2584635416666667 0.0537109375 0.23763020833333334 0.0283203125 0.23502604166666666 0.02490234375 0.23763020833333334 0.0234375 0.24283854166666666 0.02197265625 0.294921875 0.0224609375 0.51171875 0.02392578125 0.5846354166666666 0.02587890625 0.591796875 0.04052734375 0.58984375
2 0.49365234375 0.5846354166666666 0.49853515625 0.5859375 0.505859375 0.5846354166666666 0.509765625 0.57421875 0.51220703125 0.4036458333333333 0.5107421875 0.3938802083333333 0.50830078125 0.3912760416666667 0.49072265625 0.388671875 0.48486328125 0.3938802083333333 0.48291015625 0.5572916666666666 0.48779296875 0.572265625 0.48681640625 0.57421875 0.49365234375 0.5846354166666666
2 0.89404296875 0.6790364583333334 0.8984375 0.6751302083333334 0.90185546875 0.658203125 0.90869140625 0.533203125 0.9150390625 0.328125 0.9111328125 0.3255208333333333 0.8798828125 0.330078125 0.87353515625 0.341796875 0.8662109375 0.4518229166666667 0.8623046875 0.5872395833333334 0.8623046875 0.6510416666666666 0.86572265625 0.6751302083333334 0.88330078125 0.6751302083333334 0.89404296875 0.6790364583333334
2 0.85546875 0.5963541666666666 0.8583984375 0.5872395833333334 0.85888671875 0.5638020833333334 0.8623046875 0.5403645833333334 0.86083984375 0.4993489583333333 0.86376953125 0.4778645833333333 0.86572265625 0.4049479166666667 0.86328125 0.3997395833333333 0.84765625 0.4010416666666667 0.84228515625 0.404296875 0.8369140625 0.5358072916666666 0.83642578125 0.5813802083333334 0.837890625 0.5872395833333334 0.84814453125 0.5950520833333334 0.85546875 0.5963541666666666
2 0.6220703125 0.5436197916666666 0.62646484375 0.5403645833333334 0.62939453125 0.5221354166666666 0.63427734375 0.4329427083333333 0.63330078125 0.4264322916666667 0.6259765625 0.4283854166666667 0.6162109375 0.4342447916666667 0.6171875 0.5358072916666666 0.6181640625 0.5403645833333334 0.6220703125 0.5436197916666666
2 0.54931640625 0.525390625 0.55078125 0.498046875 0.54931640625 0.4381510416666667 0.544921875 0.4361979166666667 0.5400390625 0.4381510416666667 0.537109375 0.453125 0.537109375 0.51953125 0.5390625 0.529296875 0.54931640625 0.525390625
0 0.19775390625 0.7317708333333334 0.203125 0.7311197916666666 0.20556640625 0.7278645833333334 0.1962890625 0.71484375 0.1982421875 0.6842447916666666 0.2041015625 0.66796875 0.21337890625 0.6686197916666666 0.220703125 0.6647135416666666 0.2275390625 0.6653645833333334 0.2451171875 0.6595052083333334 0.24560546875 0.6751302083333334 0.25 0.6751302083333334 0.27294921875 0.6666666666666666 0.279296875 0.6510416666666666 0.283203125 0.6471354166666666 0.31982421875 0.63671875 0.322265625 0.6471354166666666 0.32421875 0.6484375 0.34619140625 0.6471354166666666 0.3564453125 0.6549479166666666 0.36865234375 0.6595052083333334 0.375 0.6608072916666666 0.37744140625 0.658203125 0.369140625 0.654296875 0.36669921875 0.6469186197916666 0.369140625 0.6217447916666666 0.373046875 0.61328125 0.373046875 0.6002604166666666 0.36865234375 0.5983072916666666 0.33837890625 0.5638020833333334 0.2958984375 0.5729166666666666 0.22021484375 0.583984375 0.20068359375 0.5813802083333334 0.189453125 0.5859375 0.18408203125 0.5911458333333334 0.1865234375 0.6002604166666666 0.1875 0.619140625 0.1787109375 0.6256510416666666 0.1767578125 0.6354166666666666 0.17626953125 0.6653645833333334 0.16796875 0.6998697916666666 0.1923828125 0.7291666666666666 0.19775390625 0.7317708333333334
0 0.3740234375 0.630859375 0.3857421875 0.6360677083333334 0.388671875 0.6399739583333334 0.4091796875 0.6471354166666666 0.41943359375 0.615234375 0.42236328125 0.6165364583333334 0.4267578125 0.6139322916666666 0.4296875 0.611328125 0.43212890625 0.6022135416666666 0.43701171875 0.6002604166666666 0.44384765625 0.5989583333333334 0.44775390625 0.6061197916666666 0.462890625 0.60546875 0.4638671875 0.6009114583333334 0.47265625 0.6009114583333334 0.47265625 0.6087239583333334 0.49169921875 0.6126302083333334 0.4833984375 0.6061197916666666 0.4814453125 0.595703125 0.48193359375 0.591796875 0.48779296875 0.583984375 0.48828125 0.578125 0.47373046875 0.576171875 0.46826171875 0.5729166666666666 0.46337890625 0.55078125 0.4599609375 0.544921875 0.38623046875 0.5553385416666666 0.3828125 0.55859375 0.38525390625 0.5735677083333334 0.38232421875 0.59375 0.38330078125 0.6067708333333334 0.3740234375 0.630859375
0 0.529296875 0.5794270833333334 0.56103515625 0.5846354166666666 0.5654296875 0.5670572916666666 0.57666015625 0.5677083333333334 0.5830078125 0.5716145833333334 0.591796875 0.5709635416666666 0.5869140625 0.5690104166666666 0.5859375 0.564453125 0.58642578125 0.5598958333333334 0.591796875 0.5520833333333334 0.58837890625 0.5377604166666666 0.580078125 0.5358072916666666 0.5751953125 0.5384114583333334 0.56884765625 0.5279947916666666 0.564453125 0.5266927083333334 0.53955078125 0.529296875 0.53271484375 0.5358072916666666 0.53271484375 0.5455729166666666 0.53662109375 0.5514322916666666 0.53759765625 0.5592447916666666 0.529296875 0.5794270833333334
5 0.724609375 0.53515625 0.7275390625 0.5299479166666666 0.7275390625 0.4889322916666667 0.7294921875 0.470703125 0.7275390625 0.4453125 0.64013671875 0.4459635416666667 0.638671875 0.4479166666666667 0.63720703125 0.4791666666666667 0.63671875 0.5247395833333334 0.6396484375 0.5299479166666666 0.720703125 0.5358072916666666 0.724609375 0.53515625
5 0.7900390625 0.5390625 0.8134765625 0.541015625 0.82080078125 0.544921875 0.82421875 0.5520833333333334 0.82666015625 0.5377604166666666 0.82861328125 0.4889322916666667 0.82763671875 0.466796875 0.82958984375 0.4453125 0.82763671875 0.435546875 0.8212890625 0.435546875 0.8115234375 0.4407552083333333 0.7919921875 0.4420572916666667 0.78662109375 0.4700520833333333 0.78857421875 0.490234375 0.7861328125 0.5325520833333334 0.78759765625 0.5364583333333334 0.7900390625 0.5390625
5 0.55322265625 0.4915364583333333 0.55224609375 0.4973958333333333 0.57373046875 0.5013020833333334 0.5771484375 0.525390625 0.60205078125 0.5266927083333334 0.60595703125 0.4986979166666667 0.6044921875 0.4524739583333333 0.59619140625 0.4479166666666667 0.57666015625 0.447265625 0.556640625 0.4479166666666667 0.55224609375 0.4518229166666667 0.5517578125 0.4733072916666667 0.55615234375 0.4765625 0.55615234375 0.4889322916666667 0.55322265625 0.4915364583333333
5 0.5224609375 0.44921875 0.515625 0.4544270833333333 0.51416015625 0.4563802083333333 0.5185546875 0.4576822916666667 0.52001953125 0.4609375 0.51708984375 0.4680989583333333 0.51318359375 0.4694010416666667 0.51171875 0.4733072916666667 0.51220703125 0.5201822916666666 0.5361328125 0.5208333333333334 0.53857421875 0.44921875 0.5224609375 0.44921875
5 0.18310546875 0.396484375 0.18603515625 0.3990885416666667 0.1865234375 0.4427083333333333 0.1806640625 0.4661458333333333 0.1865234375 0.4775390625 0.1884765625 0.4915364583333333 0.19775390625 0.4908854166666667 0.34228515625 0.5240885416666666 0.37060546875 0.5169270833333334 0.38134765625 0.5071614583333334 0.40576171875 0.4928385416666667 0.41015625 0.4928385416666667 0.41796875 0.486328125 0.42333984375 0.4772135416666667 0.4248046875 0.4342447916666667 0.42041015625 0.4290364583333333 0.42236328125 0.404296875 0.35498046875 0.3821614583333333 0.35205078125 0.3489583333333333 0.29345703125 0.3274739583333333 0.119140625 0.2727864583333333 0.1123046875 0.2734375 0.11083984375 0.2786458333333333 0.11181640625 0.3782552083333333 0.11572265625 0.3854166666666667 0.15087890625 0.3938802083333333 0.18310546875 0.396484375