2 0.2841666666666667 0 0.2833333333333333 0.00625 0.2725 0.248125 0.27166666666666667 0.32883937500000004 0.25583333333333336 0.619375 0.2575 0.63 0.25083333333333335 0.701875 0.24916666666666668 0.769375 0.24583333333333332 0.786875 0.24083333333333334 0.793125 0.24333333333333335 0.8 0.25083333333333335 0.804375 0.2608333333333333 0.8075 0.2875 0.809375 0.31916666666666665 0.806875 0.31833333333333336 0.798541875 0.3258333333333333 0.785 0.32666666666666666 0.7391068749999999 0.3308333333333333 0.73125 0.3275 0.724375 0.3275 0.699375 0.3325 0.695625 0.3383333333333333 0.681875 0.35083333333333333 0.675625 0.365 0.674375 0.3725 0.676875 0.38 0.665 0.39416666666666667 0.66125 0.4041666666666667 0.651875 0.4125 0.495 0.42583333333333334 0 0.2841666666666667 0
2 0.62 0.584375 0.625 0.588333125 0.625 0.595 0.64 0.599375 0.6475 0.405625 0.645 0.385625 0.6475 0.3525 0.645 0.27125 0.6483333333333333 0.2625 0.6483333333333333 0.125 0.645 0.09625 0.6308333333333334 0.0775 0.6216666666666667 0.075 0.59 0.079375 0.5825 0.08125 0.5816666666666667 0.08375 0.5816666666666667 0.153125 0.5841666666666666 0.153125 0.585 0.159375 0.5816666666666667 0.171875 0.58 0.23625 0.5825 0.25875 0.5783333333333334 0.265 0.5791666666666667 0.30375 0.5741666666666667 0.375625 0.5733333333333334 0.580625 0.6125 0.585625 0.6125 0.588125 0.62 0.584375
3 0 0.71 0.011666666666666667 0.7125 0.035833333333333335 0.71125 0.04416666666666667 0.715 0.0525 0.72875 0.0525 0.76125 0.051666666666666666 0.766875 0.04416666666666667 0.771875 0.0425 0.776875 0.06916666666666667 0.799375 0.06333333333333334 0.815 0.06666666666666667 0.8225 0.07416666666666667 0.8275 0.08083333333333333 0.826875 0.08833333333333333 0.81375 0.15583333333333332 0.8 0.16 0.803125 0.1675 0.8025 0.17 0.794375 0.17916666666666667 0.789375 0.17833333333333334 0.776875 0.24083333333333334 0.751875 0.24416666666666667 0.753125 0.24583333333333332 0.716875 0.24166666666666667 0.7 0.24166666666666667 0.669375 0.24916666666666668 0.653125 0.22833333333333333 0.645 0.11583333333333333 0.64 0.10333333333333333 0.644375 0.08 0.6475 0.0525 0.646875 0.04833333333333333 0.64875 0.04666666666666667 0.646875 0.0425 0.64875 0.03666666666666667 0.643125 0.028333333333333332 0.643125 0.008333333333333333 0.64875 0 0.6525 0 0.71
0 0 0.733125 0.009166666666666667 0.733125 0.0125 0.735625 0.015833333333333335 0.75125 0.015833333333333335 0.77375 0.01 0.78625 0.023333333333333334 0.791875 0.029166666666666667 0.824375 0.034166666666666665 0.825625 0.03666666666666667 0.825 0.03666666666666667 0.81625 0.024166666666666666 0.720625 0.011666666666666667 0.715 0 0.71625 0 0.733125
0 0.47833333333333333 0.693125 0.47333333333333333 0.693125 0.4716666666666667 0.695625 0.4766666666666667 0.703125 0.4975 0.70875 0.5175 0.705625 0.5266666666666666 0.70875 0.53 0.715 0.5358333333333334 0.70375 0.5533333333333333 0.7 0.5533333333333333 0.695625 0.5425 0.6975 0.5366666666666666 0.694375 0.5466666666666666 0.679375 0.5408333333333334 0.67125 0.505 0.665625 0.4666666666666667 0.664375 0.4658333333333333 0.673125 0.47 0.683125 0.48 0.683125 0.47833333333333333 0.693125
0 0.65 0.708125 0.6566666666666666 0.7175 0.66 0.734375 0.6716666666666666 0.758125 0.6616666666666666 0.7275 0.6608333333333334 0.7125 0.6725 0.696875 0.67 0.686875 0.6766666666666666 0.67625 0.68 0.66125 0.6466666666666666 0.66625 0.6341666666666667 0.67125 0.6291666666666667 0.6775 0.63 0.688125 0.61 0.691875 0.61 0.698125 0.6258333333333334 0.701875 0.6383333333333333 0.701875 0.65 0.708125
0 0.57 0.695 0.58 0.699375 0.5833333333333334 0.733125 0.585 0.740625 0.5875 0.74 0.5875 0.705 0.5891666666666666 0.7 0.5958333333333333 0.69625 0.5983333333333334 0.686875 0.595 0.675 0.5616666666666666 0.679375 0.55 0.67625 0.5391666666666667 0.688125 0.5391666666666667 0.69625 0.5533333333333333 0.695 0.56 0.703125 0.57 0.695
0 0.5725 0.651875 0.5708333333333333 0.65875 0.6 0.658125 0.5908333333333333 0.6525 0.5725 0.651875
3 0.605 0.699375 0.5991666666666666 0.7025 0.6008333333333333 0.7525 0.6033333333333334 0.75375 0.6075 0.705625 0.605 0.699375
3 0.5625 0.67625 0.575 0.67625 0.5775 0.673125 0.5883333333333334 0.67375 0.5991666666666666 0.6825 0.6 0.689375 0.6041666666666666 0.6925 0.6091666666666666 0.68875 0.61 0.681875 0.6225 0.678125 0.6266666666666667 0.670625 0.6266666666666667 0.664375 0.6216666666666667 0.66 0.5708333333333333 0.659375 0.5666666666666667 0.663125 0.5475 0.66375 0.5266666666666666 0.661875 0.5216666666666666 0.6575 0.5058333333333334 0.6575 0.5 0.66 0.49583333333333335 0.664375 0.535 0.66875 0.5583333333333333 0.681875 0.5625 0.67625
3 0.5716666666666667 0.6925 0.555 0.68125 0.55 0.68 0.5466666666666666 0.681875 0.5425 0.685625 0.5433333333333333 0.6925 0.56 0.695 0.5716666666666667 0.6925
0 0.46166666666666667 0.675 0.4608333333333333 0.665 0.4266666666666667 0.66125 0.425 0.67125 0.42833333333333334 0.678125 0.43916666666666665 0.67875 0.46166666666666667 0.675
0 0.5033333333333333 0.654375 0.49 0.64875 0.475 0.646875 0.4425 0.64875 0.43833333333333335 0.651875 0.4375 0.654375 0.445 0.656875 0.5016666666666667 0.6575 0.5033333333333333 0.654375
1 0.9308333333333333 0.7325 0.9775 0.7325 0.9783333333333334 0.67 0.9766666666666667 0.665625 0.9708333333333333 0.6625 0.9725 0.654375 0.9766666666666667 0.654375 0.9741666666666666 0.646875 0.9666666666666667 0.64375 0.9516666666666667 0.64375 0.9425 0.650625 0.9416666666666667 0.654375 0.9483333333333334 0.660625 0.9441666666666667 0.66375 0.8933333333333333 0.665625 0.88 0.66125 0.8741666666666666 0.664375 0.87 0.67375 0.8683333333333333 0.69 0.8733333333333333 0.718125 0.8808333333333334 0.72875 0.9308333333333333 0.7325
1 0.7658333333333334 0.7 0.7758333333333334 0.7 0.7825 0.69625 0.7975 0.675 0.7966666666666666 0.645625 0.7941666666666667 0.64125 0.7891666666666667 0.64 0.7583333333333333 0.63875 0.7541666666666667 0.641875 0.7533333333333333 0.6475 0.7625 0.6775 0.7633333333333333 0.696875 0.7658333333333334 0.7
1 0.6925 0.649375 0.6983333333333334 0.640625 0.6958333333333333 0.636875 0.6858333333333333 0.634375 0.675 0.643125 0.6725 0.651875 0.6741666666666667 0.656875 0.6783333333333333 0.6575 0.6925 0.649375
5 0 0.466875 0.004166666666666667 0.4725 0.019166666666666665 0.4775 0.029166666666666667 0.485625 0.049166666666666664 0.48375 0.20666666666666667 0.584375 0.2075 0.5975 0.21 0.598125 0.2125 0.590625 0.22666666666666666 0.589375 0.23083333333333333 0.58375 0.23416666666666666 0.55375 0.23166666666666666 0.516875 0.23416666666666666 0.515625 0.2375 0.489375 0.24083333333333334 0.42 0.24083333333333334 0.299375 0.23416666666666666 0.3025 0.2175 0.301875 0.20333333333333334 0.295 0.19916666666666666 0.2875 0.20083333333333334 0.274375 0.21166666666666667 0.265625 0.2125 0.244375 0.21833333333333332 0.2375 0.21666666666666667 0.23 0.2075 0.2275 0.20583333333333334 0.21875 0.20833333333333334 0.215 0.21583333333333332 0.21375 0.21416666666666667 0.195625 0.225 0.183125 0.2225 0.178125 0.22666666666666666 0.154375 0.22166666666666668 0.150625 0.2175 0.14125 0.22 0.14 0.20916666666666667 0.1375 0.19916666666666666 0.12625 0.19333333333333333 0.124375 0.18 0.125 0.17916666666666667 0.138125 0.16666666666666666 0.140625 0.15833333333333333 0.139375 0.15833333333333333 0.12625 0.15 0.125 0.14833333333333334 0.128125 0.14 0.129375 0.13916666666666666 0.133125 0.14333333333333334 0.136875 0.1375 0.1475 0.145 0.160625 0.13333333333333333 0.17125 0.135 0.17875 0.1325 0.185 0.13916666666666666 0.19 0.13166666666666665 0.195 0.12666666666666668 0.195 0.125 0.19875 0.12666666666666668 0.2025 0.13833333333333334 0.203125 0.14083333333333334 0.205625 0.1375 0.21 0.14083333333333334 0.231875 0.13833333333333334 0.24125 0.14583333333333334 0.248125 0.13666666666666666 0.25125 0.13583333333333333 0.26375 0.12583333333333332 0.265625 0.14416666666666667 0.2721875 0.14 0.27875 0.13583333333333333 0.279375 0.14 0.285625 0.14 0.3075 0.13333333333333333 0.311875 0.115 0.3075 0.021666666666666667 0.27125 0 0.26625 0 0.466875
4 0.99 0.779375 0.9991666666666666 0.7875 0.9991666666666666 0.38 0.9775 0.408125 0.9758333333333333 0.4175 0.9808333333333333 0.755625 0.9858333333333333 0.770625 0.9925 0.775625 0.99 0.779375