2 0.1494140625 0.76171875 0.1513671875 0.7662760416666666 0.1787109375 0.7649739583333334 0.2060546875 0.759765625 0.2138671875 0.7350260416666666 0.20458984375 0.23372395833333334 0.203125 0.220703125 0.19189453125 0.197265625 0.14306640625 0.19270833333333334 0.1494140625 0.76171875
2 0.8486328125 0.6751302083333334 0.89013671875 0.693359375 0.92138671875 0.6901041666666666 0.92724609375 0.2669270833333333 0.92724609375 0.2513020833333333 0.9248046875 0.248046875 0.89453125 0.248046875 0.8544921875 0.2623697916666667 0.85009765625 0.4908854166666667 0.8486328125 0.6751302083333334
2 0.2373046875 0.3287760416666667 0.23583984375 0.3313802083333333 0.23486328125 0.4114583333333333 0.23828125 0.5813802083333334 0.24072265625 0.5911458333333334 0.255859375 0.591796875 0.26318359375 0.5885416666666666 0.2646484375 0.576171875 0.26904296875 0.3971354166666667 0.25927734375 0.33203125 0.25537109375 0.3287760416666667 0.2373046875 0.3287760416666667
2 0.6044921875 0.3522135416666667 0.6044921875 0.5540364583333334 0.61279296875 0.5703125 0.6171875 0.5729166666666666 0.626953125 0.5709635416666666 0.63330078125 0.435546875 0.63134765625 0.34765625 0.63037109375 0.3450520833333333 0.61572265625 0.3444010416666667 0.6064453125 0.3483072916666667 0.6044921875 0.3522135416666667
2 0.53662109375 0.3723958333333333 0.5283203125 0.3743489583333333 0.52490234375 0.3795572916666667 0.5244140625 0.3880208333333333 0.5234375 0.4296875 0.52587890625 0.5123697916666666 0.5302734375 0.5305989583333334 0.5361328125 0.53125 0.53955078125 0.525390625 0.541015625 0.5123697916666666 0.5439453125 0.453125 0.544921875 0.4212239583333333 0.5419921875 0.3756510416666667 0.53662109375 0.3723958333333333
2 0.265625 0.5462239583333334 0.27587890625 0.5455729166666666 0.279296875 0.5416666666666666 0.27685546875 0.37109375 0.27490234375 0.365234375 0.26416015625 0.365234375 0.26171875 0.3684895833333333 0.26416015625 0.5377604166666666 0.265625 0.5462239583333334
5 0.94921875 0.529296875 0.9736328125 0.5325520833333334 0.99072265625 0.53125 0.99951171875 0.5110677083333334 0.99951171875 0.23828125 0.97021484375 0.23828125 0.947265625 0.24674479166666666 0.931640625 0.24934895833333334 0.9296875 0.2513020833333333 0.9287109375 0.2591145833333333 0.9287109375 0.310546875 0.93408203125 0.314453125 0.94384765625 0.3131510416666667 0.9482421875 0.3235677083333333 0.94677734375 0.3776041666666667 0.9404296875 0.3834635416666667 0.94677734375 0.40234375 0.9453125 0.51171875 0.94775390625 0.5247395833333334 0.94921875 0.529296875
5 0.80419921875 0.291015625 0.779296875 0.2962239583333333 0.69091796875 0.328125 0.640625 0.3411458333333333 0.63427734375 0.3502604166666667 0.63427734375 0.359375 0.63671875 0.3626302083333333 0.658203125 0.3619791666666667 0.849609375 0.33203125 0.85205078125 0.328125 0.85205078125 0.2721354166666667 0.8486328125 0.267578125 0.84326171875 0.2766927083333333 0.83447265625 0.2779947916666667 0.80419921875 0.291015625
5 0.99365234375 0.5455729166666666 0.9853515625 0.5423177083333334 0.97900390625 0.544921875 0.9697265625 0.54296875 0.93994140625 0.5462239583333334 0.94775390625 0.5540364583333334 0.9453125 0.5592447916666666 0.94677734375 0.5631510416666666 0.9453125 0.5859375 0.94287109375 0.5891927083333334 0.931640625 0.5885416666666666 0.9267578125 0.5950520833333334 0.9248046875 0.6041666666666666 0.923828125 0.654296875 0.92529296875 0.666015625 0.93603515625 0.66796875 0.98486328125 0.6614583333333334 0.98974609375 0.6555989583333334 0.98876953125 0.650390625 0.9921875 0.640625 0.99462890625 0.6119791666666666 0.99609375 0.5638020833333334 0.99365234375 0.5455729166666666
5 0.7607421875 0.5928821614583334 0.7587890625 0.6197916666666666 0.7607421875 0.6256510416666666 0.79541015625 0.6412760416666666 0.818359375 0.6477864583333334 0.8203125 0.609375 0.81884765625 0.5631510416666666 0.76220703125 0.5540364583333334 0.759765625 0.5670572916666666 0.7607421875 0.5928821614583334
5 0.72509765625 0.6126302083333334 0.75 0.6204427083333334 0.751953125 0.6165364583333334 0.75341796875 0.578125 0.75 0.5501302083333334 0.7099609375 0.5462239583333334 0.70751953125 0.5598958333333334 0.7080078125 0.6041666666666666 0.72509765625 0.6126302083333334
5 0.66650390625 0.5865885416666666 0.6962890625 0.6002604166666666 0.69921875 0.591796875 0.69970703125 0.564453125 0.69677734375 0.5403645833333334 0.6767578125 0.5377604166666666 0.66748046875 0.5403645833333334 0.66552734375 0.54296875 0.66650390625 0.5865885416666666
5 0.8330078125 0.6549479166666666 0.841796875 0.6588541666666666 0.84619140625 0.6555989583333334 0.84814453125 0.6497395833333334 0.8486328125 0.572265625 0.83447265625 0.5690104166666666 0.83203125 0.5852864583333334 0.83154296875 0.6510416666666666 0.8330078125 0.6549479166666666
5 0.65478515625 0.5826822916666666 0.65771484375 0.578125 0.65771484375 0.53515625 0.65478515625 0.5305989583333334 0.6337890625 0.5345052083333334 0.634765625 0.5625 0.63330078125 0.57421875 0.65478515625 0.5826822916666666
5 0 0.548828125 0.009765625 0.5436197916666666 0.04931640625 0.5325520833333334 0.05322265625 0.529296875 0.07958984375 0.5227864583333334 0.08837890625 0.5240885416666666 0.0888671875 0.4479166666666667 0.08544921875 0.3684895833333333 0.048828125 0.3619791666666667 0.00341796875 0.3470052083333333 0 0.3470052083333333 0 0.548828125