2 0 0 0 0.5416666666666666 0.00927734375 0.560546875 0.01513671875 0.5813802083333334 0.06005859375 0.6927083333333334 0.10205078125 0.787109375 0.10595703125 0.7994791666666666 0.11279296875 0.8098958333333334 0.119140625 0.80859375 0.16162109375 0.775390625 0.17529296875 0.7688802083333334 0.18310546875 0.7604166666666666 0.19970703125 0.7506510416666666 0.21142578125 0.7376302083333334 0.20751953125 0.7194010416666666 0.19140625 0.6712239583333334 0.14501953125 0.5110677083333334 0.13671875 0.4876302083333333 0.0791015625 0.283203125 0.0654296875 0.22330729166666666 0.05517578125 0.18880208333333334 0.0146484375 0 0 0
2 0.5546875 0 0.5537109375 0.022135416666666668 0.55224609375 0.220703125 0.548828125 0.3795572916666667 0.5498046875 0.3834635416666667 0.55810546875 0.3860677083333333 0.59423828125 0.390625 0.59765625 0.3841145833333333 0.59716796875 0.361328125 0.6044921875 0.23828125 0.6025390625 0.193359375 0.60986328125 0.14973958333333334 0.615234375 0 0.5546875 0
2 0.58154296875 0.4713541666666667 0.591796875 0.4622395833333333 0.5927734375 0.4322916666666667 0.5849609375 0.4322916666666667 0.55029296875 0.4524739583333333 0.55029296875 0.4674479166666667 0.5595703125 0.4733072916666667 0.56298828125 0.478515625 0.58154296875 0.4713541666666667
2 0.65283203125 0.3938802083333333 0.654296875 0.400390625 0.66357421875 0.3984375 0.67138671875 0.40234375 0.67578125 0.3997395833333333 0.67822265625 0.4029947916666667 0.68603515625 0.4029947916666667 0.69580078125 0.3854166666666667 0.70703125 0.30078125 0.70703125 0.2721354166666667 0.71337890625 0.22721354166666666 0.71728515625 0.21419270833333334 0.71826171875 0.177734375 0.72509765625 0.14713541666666666 0.728515625 0.119140625 0.7314453125 0.08463541666666667 0.72802734375 0.078125 0.71728515625 0.07747395833333333 0.68359375 0.087890625 0.67626953125 0.09505208333333333 0.65185546875 0.3684895833333333 0.6513671875 0.3815104166666667 0.65185546875 0.3873697916666667 0.654296875 0.3893229166666667 0.65283203125 0.3938802083333333
2 0.740234375 0.359375 0.744140625 0.3522135416666667 0.7490234375 0.30859375 0.7529296875 0.2994791666666667 0.76611328125 0.1953125 0.77490234375 0.15690104166666666 0.7763671875 0.140625 0.7724609375 0.13606770833333334 0.74462890625 0.13932291666666666 0.73681640625 0.14388020833333334 0.71484375 0.314453125 0.7119140625 0.33984375 0.71240234375 0.3522135416666667 0.73681640625 0.361328125 0.740234375 0.359375
2 0.775390625 0.2936197916666667 0.779296875 0.29296875 0.78173828125 0.2825520833333333 0.7841796875 0.259765625 0.80078125 0.17252604166666666 0.80029296875 0.16145833333333334 0.80419921875 0.1484375 0.80419921875 0.13997395833333334 0.80126953125 0.13671875 0.79052734375 0.13736979166666666 0.78466796875 0.14453125 0.76513671875 0.2584635416666667 0.763671875 0.283203125 0.76025390625 0.3001302083333333 0.77587890625 0.3001302083333333 0.775390625 0.2936197916666667
2 0.8037109375 0.2421875 0.8076171875 0.20963541666666666 0.8173828125 0.16145833333333334 0.81884765625 0.13932291666666666 0.81005859375 0.13736979166666666 0.8037109375 0.13997395833333334 0.79931640625 0.15755208333333334 0.775390625 0.296875 0.78271484375 0.3001302083333333 0.79345703125 0.298828125 0.8037109375 0.2421875
2 0.80517578125 0.296875 0.80517578125 0.2845052083333333 0.81005859375 0.279296875 0.80810546875 0.2766927083333333 0.8095703125 0.2604166666666667 0.8154296875 0.24348958333333334 0.81640625 0.22981770833333334 0.8251953125 0.20638020833333334 0.8212890625 0.19921875 0.82763671875 0.1640625 0.82763671875 0.16080729166666666 0.82470703125 0.158203125 0.8173828125 0.16015625 0.81396484375 0.17122395833333334 0.79541015625 0.2858072916666667 0.794921875 0.3040364583333333 0.79638671875 0.3098958333333333 0.80078125 0.3111979166666667 0.80517578125 0.296875
3 0.4365234375 0.5325520833333334 0.43505859375 0.5501302083333334 0.43896484375 0.5709635416666666 0.4423828125 0.5729166666666666 0.44677734375 0.5709635416666666 0.447265625 0.5572916666666666 0.5126953125 0.556640625 0.513671875 0.6165364583333334 0.51708984375 0.6204427083333334 0.521484375 0.6204427083333334 0.52392578125 0.6158854166666666 0.5244140625 0.5891927083333334 0.5234375 0.5338541666666666 0.52001953125 0.5091145833333334 0.521484375 0.4986979166666667 0.5302734375 0.498046875 0.5322265625 0.50390625 0.537109375 0.501953125 0.60107421875 0.5078125 0.60009765625 0.529296875 0.6015625 0.5325520833333334 0.60595703125 0.5325520833333334 0.60986328125 0.5091145833333334 0.61376953125 0.4309895833333333 0.619140625 0.412109375 0.62744140625 0.4049479166666667 0.62939453125 0.400390625 0.62353515625 0.396484375 0.5390625 0.3841145833333333 0.51171875 0.3899739583333333 0.453125 0.4108072916666667 0.427734375 0.4225260416666667 0.4150390625 0.4251302083333333 0.4150390625 0.4296875 0.4267578125 0.4427083333333333 0.4306640625 0.458984375 0.4365234375 0.5325520833333334
3 0.7587890625 0.32421875 0.77099609375 0.3294270833333333 0.7685546875 0.3502604166666667 0.77197265625 0.359375 0.77587890625 0.3541666666666667 0.78271484375 0.3522135416666667 0.78369140625 0.333984375 0.78173828125 0.326171875 0.78515625 0.314453125 0.7939453125 0.3072916666666667 0.79345703125 0.3014322916666667 0.763671875 0.3033854166666667 0.751953125 0.3059895833333333 0.75 0.3098958333333333 0.7509765625 0.3235677083333333 0.74609375 0.3450520833333333 0.74755859375 0.349609375 0.7587890625 0.32421875
5 0.0185546875 0 0.01806640625 0.001953125 0.017578125 0.008463541666666666 0.02294921875 0.036458333333333336 0.0302734375 0.059244791666666664 0.03662109375 0.10091145833333333 0.04150390625 0.115234375 0.05029296875 0.16471354166666666 0.064453125 0.22005208333333334 0.06787109375 0.22721354166666666 0.080078125 0.2825520833333333 0.1044921875 0.36328125 0.11328125 0.3997395833333333 0.1162109375 0.4049479166666667 0.1181640625 0.4186197916666667 0.130859375 0.45703125 0.18212890625 0.634765625 0.193359375 0.6712239583333334 0.19970703125 0.68359375 0.21337890625 0.6783854166666666 0.41943359375 0.546875 0.431640625 0.5358072916666666 0.43359375 0.533203125 0.43310546875 0.5169270833333334 0.431640625 0.509765625 0.4287109375 0.5104166666666666 0.42724609375 0.5045572916666666 0.42822265625 0.4837239583333333 0.42626953125 0.4759114583333333 0.42529296875 0.4453125 0.4130859375 0.4342447916666667 0.41455078125 0.4225260416666667 0.42138671875 0.421875 0.42822265625 0.416015625 0.43212890625 0.4166666666666667 0.4736328125 0.4016927083333333 0.4765625 0.3984375 0.5185546875 0.384765625 0.546875 0.3795572916666667 0.55126953125 0.14778645833333334 0.55126953125 0.103515625 0.546875 0.09440104166666667 0.47802734375 0.06510416666666667 0.365234375 0.012369791666666666 0.3310546875 0 0.0185546875 0
5 0.6494140625 0.384765625 0.6513671875 0.3802083333333333 0.6591796875 0.3001302083333333 0.6748046875 0.11588541666666667 0.67578125 0.09765625 0.67333984375 0.09440104166666667 0.640625 0.1015625 0.63330078125 0.10481770833333333 0.63134765625 0.10872395833333333 0.62890625 0.13997395833333334 0.62939453125 0.17903645833333334 0.62548828125 0.22005208333333334 0.623046875 0.2903645833333333 0.61962890625 0.3098958333333333 0.61767578125 0.34765625 0.6171875 0.3776041666666667 0.619140625 0.3815104166666667 0.646484375 0.3873697916666667 0.6494140625 0.384765625