2 0.35083333333333333 0 0.3491666666666667 0.005 0.3175 0.700625 0.32 0.745625 0.31416666666666665 0.775 0.315 0.794375 0.3233333333333333 0.796875 0.32666666666666666 0.79375 0.3416666666666667 0.795 0.36 0.790625 0.38 0.79375 0.3875 0.785625 0.39 0.773125 0.3908333333333333 0.74 0.3875 0.731875 0.39166666666666666 0.72 0.3908333333333333 0.706875 0.42583333333333334 0.678125 0.43833333333333335 0.67875 0.43916666666666665 0.673125 0.4525 0.665 0.4658333333333333 0.661875 0.4683333333333333 0.65125 0.4716666666666667 0.49 0.475 0.464375 0.4791666666666667 0.1875 0.48583333333333334 0.03 0.4841666666666667 0 0.35083333333333333 0
2 0.6541666666666667 0.595625 0.6683333333333333 0.595 0.6783333333333333 0.600625 0.6866666666666666 0.600625 0.6941666666666667 0.61625 0.7041666666666667 0.625 0.7091666666666666 0.61625 0.71 0.589375 0.7133333333333334 0.2375 0.7091666666666666 0.10625 0.6908333333333333 0.07875 0.6783333333333333 0.0775 0.6541666666666667 0.08125 0.6441666666666667 0.085 0.6391666666666667 0.093125 0.6358333333333334 0.588125 0.64 0.591875 0.6466666666666666 0.59125 0.6541666666666667 0.595625
5 0 0.468125 0.008333333333333333 0.473125 0.021666666666666667 0.4725 0.0325 0.4775 0.035 0.475625 0.055 0.476875 0.07666666666666666 0.480625 0.0775 0.483125 0.08083333333333333 0.481875 0.085 0.484375 0.13416666666666666 0.486875 0.14333333333333334 0.490625 0.17583333333333334 0.490625 0.18916666666666668 0.495625 0.20083333333333334 0.495625 0.20916666666666667 0.50375 0.20916666666666667 0.54125 0.215 0.5475 0.21166666666666667 0.558125 0.21666666666666667 0.561875 0.22333333333333333 0.55 0.22916666666666666 0.5475 0.24666666666666667 0.546875 0.25166666666666665 0.550625 0.2575 0.5475 0.27 0.549375 0.2841666666666667 0.55375 0.2866666666666667 0.563125 0.2833333333333333 0.5775 0.295 0.58 0.3016666666666667 0.560625 0.2966666666666667 0.520625 0.3075 0.453125 0.30916666666666665 0.375625 0.3025 0.355 0.3075 0.316875 0.30333333333333334 0.3175 0.2966666666666667 0.313125 0.2825 0.31375 0.2725 0.308125 0.2658333333333333 0.298125 0.2633333333333333 0.28125 0.2675 0.278125 0.26416666666666666 0.27625 0.26166666666666666 0.26375 0.29 0.193125 0.29 0.1875 0.2841666666666667 0.183125 0.29 0.175 0.29083333333333333 0.1675 0.2633333333333333 0.14 0.25083333333333335 0.14 0.25083333333333335 0.14875 0.25833333333333336 0.15375 0.25833333333333336 0.165625 0.25 0.168125 0.23333333333333334 0.168125 0.23916666666666667 0.17625 0.23 0.183125 0.2225 0.19875 0.22333333333333333 0.20125 0.22583333333333333 0.199375 0.235 0.200625 0.2375 0.20875 0.22916666666666666 0.211875 0.22833333333333333 0.220625 0.22333333333333333 0.221875 0.22083333333333333 0.22625 0.22666666666666666 0.23 0.2225 0.24 0.225 0.244375 0.22333333333333333 0.2625 0.21833333333333332 0.265625 0.2225 0.273125 0.22333333333333333 0.318125 0.2125 0.326875 0.015 0.25625 0 0.25375 0 0.468125
1 0.8675 0.653125 0.8641666666666666 0.64875 0.8558333333333333 0.64625 0.8258333333333333 0.645625 0.8233333333333334 0.6475 0.8325 0.7075 0.8458333333333333 0.70875 0.8708333333333333 0.68 0.8675 0.653125
1 0.7516666666666667 0.6425 0.7508333333333334 0.65125 0.7416666666666667 0.65625 0.7408333333333333 0.664375 0.7483333333333333 0.665625 0.7658333333333334 0.64375 0.7516666666666667 0.6425
1 0.9475 0.726875 0.9525 0.735625 0.9591666666666666 0.73875 0.9991666666666666 0.74125 0.9991666666666666 0.668125 0.9616666666666667 0.67125 0.9391666666666667 0.66875 0.9366666666666666 0.670625 0.9391666666666667 0.6925 0.9433333333333334 0.699375 0.9475 0.726875
3 0 0.66875 0.015833333333333335 0.67125 0.02666666666666667 0.6775 0.023333333333333334 0.684375 0.024166666666666666 0.69625 0.018333333333333333 0.701875 0.020833333333333332 0.70625 0.0575 0.705625 0.09 0.71375 0.11333333333333333 0.714375 0.15333333333333332 0.744375 0.14333333333333334 0.796875 0.13666666666666666 0.813125 0.14166666666666666 0.82375 0.15416666666666667 0.825 0.1575 0.818125 0.15083333333333335 0.7975 0.16333333333333333 0.74375 0.16833333333333333 0.738125 0.185 0.736875 0.1875 0.73125 0.205 0.73 0.20666666666666667 0.7325 0.21666666666666667 0.733125 0.21916666666666668 0.756875 0.2275 0.7825 0.225 0.79 0.22666666666666666 0.80125 0.23 0.804375 0.2375 0.803125 0.24 0.785625 0.2325 0.775625 0.225 0.715625 0.2275 0.67375 0.23 0.66875 0.23583333333333334 0.668125 0.2575 0.6725 0.25916666666666666 0.693125 0.27166666666666667 0.699375 0.3075 0.6925 0.30916666666666665 0.660625 0.30083333333333334 0.655 0.30083333333333334 0.650625 0.20416666666666666 0.64375 0.0033333333333333335 0.651875 0 0.653125 0 0.66875
0 0.7366666666666667 0.765625 0.74 0.76625 0.7366666666666667 0.758125 0.7433333333333333 0.755 0.7483333333333333 0.75625 0.7391666666666666 0.72875 0.7416666666666667 0.685625 0.7458333333333333 0.668125 0.7125 0.671875 0.6983333333333334 0.6775 0.6933333333333334 0.68125 0.6983333333333334 0.689375 0.6758333333333333 0.69875 0.6733333333333333 0.7075 0.715 0.709375 0.7291666666666666 0.74875 0.7366666666666667 0.765625
0 0.6716666666666666 0.73125 0.6725 0.70875 0.665 0.705 0.6575 0.7325 0.6566666666666666 0.750625 0.6608333333333334 0.73625 0.6691666666666667 0.735625 0.6716666666666666 0.73125
0 0.5816666666666667 0.711875 0.5816666666666667 0.766875 0.585 0.76125 0.5825 0.758125 0.5858333333333333 0.75625 0.5833333333333334 0.753125 0.5891666666666666 0.744375 0.5866666666666667 0.741875 0.5916666666666667 0.73625 0.5933333333333334 0.724375 0.61 0.68125 0.6058333333333333 0.676875 0.595 0.674375 0.5508333333333333 0.66875 0.5291666666666667 0.66875 0.5275 0.675 0.5375 0.70625 0.5641666666666667 0.715 0.5816666666666667 0.711875
0 0.62 0.718125 0.6216666666666667 0.72625 0.6258333333333334 0.73 0.6225 0.731875 0.6266666666666667 0.745625 0.6491666666666667 0.745 0.6508333333333334 0.75125 0.6516666666666666 0.7275 0.6483333333333333 0.716875 0.6516666666666666 0.70875 0.6591666666666667 0.701875 0.6608333333333334 0.685625 0.6575 0.683125 0.6383333333333333 0.686875 0.6116666666666667 0.68375 0.5966666666666667 0.703125 0.5958333333333333 0.7075 0.6 0.710625 0.6091666666666666 0.709375 0.62 0.718125
3 0.6925 0.716875 0.6908333333333333 0.71 0.6841666666666667 0.708125 0.6841666666666667 0.74875 0.69 0.75 0.6925 0.746875 0.6925 0.716875
3 0.5308333333333334 0.66875 0.5466666666666666 0.668125 0.5583333333333333 0.675625 0.5666666666666667 0.675625 0.5716666666666667 0.67125 0.5958333333333333 0.675625 0.6241666666666666 0.6925 0.6266666666666667 0.70125 0.64 0.69875 0.6416666666666667 0.686875 0.66 0.68375 0.6633333333333333 0.68625 0.6633333333333333 0.72 0.6658333333333334 0.724375 0.6616666666666666 0.748125 0.6666666666666666 0.761875 0.6725 0.761875 0.6733333333333333 0.70875 0.685 0.694375 0.6916666666666667 0.691875 0.6958333333333333 0.668125 0.6366666666666667 0.661875 0.6308333333333334 0.6675 0.6016666666666667 0.6675 0.5891666666666666 0.666875 0.5833333333333334 0.66125 0.5066666666666667 0.66125 0.4841666666666667 0.6575 0.47 0.659375 0.4716666666666667 0.664375 0.49666666666666665 0.665625 0.5216666666666666 0.671875 0.5308333333333334 0.66875
0 0.525 0.679375 0.5241666666666667 0.66875 0.5291666666666667 0.661875 0.5416666666666666 0.660625 0.55 0.664375 0.5525 0.661875 0.5683333333333334 0.66125 0.5641666666666667 0.656875 0.5475 0.6525 0.5158333333333334 0.6525 0.5 0.656875 0.4891666666666667 0.66625 0.49 0.6775 0.49416666666666664 0.68125 0.525 0.679375