0 0.99951171875 0.716796875 0.99951171875 0.58203125 0.9677734375 0.5768229166666666 0.849609375 0.5657552083333334 0.83984375 0.5983072916666666 0.82958984375 0.591796875 0.828125 0.587890625 0.82421875 0.58984375 0.8193359375 0.5865885416666666 0.81396484375 0.5872395833333334 0.80712890625 0.59765625 0.8046875 0.6100260416666666 0.8056640625 0.6295572916666666 0.8115234375 0.638671875 0.81396484375 0.6477864583333334 0.81298828125 0.666015625 0.80078125 0.6705729166666666 0.802734375 0.673828125 0.83154296875 0.6686197916666666 0.85009765625 0.6614583333333334 0.98193359375 0.7194010416666666 0.99951171875 0.716796875
0 0.794921875 0.5572916666666666 0.7373046875 0.5546875 0.73681640625 0.6028645833333334 0.73974609375 0.6334635416666666 0.74560546875 0.6373697916666666 0.76220703125 0.662109375 0.80712890625 0.654296875 0.80810546875 0.6497395833333334 0.8017578125 0.6302083333333334 0.7919921875 0.5774739583333334 0.7958984375 0.560546875 0.794921875 0.5572916666666666
0 0.318359375 0.5110677083333334 0.31298828125 0.525390625 0.302734375 0.5286458333333334 0.3056640625 0.5397135416666666 0.31298828125 0.5397135416666666 0.3232421875 0.546875 0.3359375 0.5436197916666666 0.337890625 0.546875 0.34033203125 0.5462239583333334 0.333984375 0.525390625 0.33544921875 0.513671875 0.33203125 0.509765625 0.318359375 0.5110677083333334
0 0.2861328125 0.5260416666666666 0.28662109375 0.533203125 0.2978515625 0.5358072916666666 0.3037109375 0.5279947916666666 0.3115234375 0.5247395833333334 0.3154296875 0.5104166666666666 0.2998046875 0.5078125 0.294921875 0.51953125 0.2861328125 0.5260416666666666
0 0.2900390625 0.5221354166666666 0.2890625 0.5084635416666666 0.28662109375 0.505859375 0.27587890625 0.505859375 0.2734375 0.5104166666666666 0.27294921875 0.5279947916666666 0.2763671875 0.5358072916666666 0.2900390625 0.5221354166666666
2 0.5595703125 0 0.5634765625 0.466796875 0.57421875 0.99609375 0.5771484375 0.9993489583333334 0.73876953125 0.9993489583333334 0.7421875 0.9947916666666666 0.7421875 0.9876302083333334 0.73046875 0.010416666666666666 0.7275390625 0 0.5595703125 0
2 0.2275390625 0.29296875 0.22607421875 0.3372395833333333 0.2314453125 0.6796875 0.2392578125 0.69140625 0.24609375 0.6927083333333334 0.27294921875 0.6888020833333334 0.2763671875 0.685546875 0.26708984375 0.2923177083333333 0.26318359375 0.2884114583333333 0.236328125 0.2858072916666667 0.2275390625 0.29296875
2 0.146484375 0.3665364583333333 0.142578125 0.369140625 0.1396484375 0.3938802083333333 0.14697265625 0.603515625 0.15087890625 0.6061197916666666 0.16552734375 0.6061197916666666 0.1943359375 0.6028645833333334 0.1962890625 0.6015625 0.18994140625 0.3717447916666667 0.18603515625 0.3678385416666667 0.16796875 0.3658854166666667 0.146484375 0.3665364583333333
2 0.14404296875 0.57421875 0.1455078125 0.5455729166666666 0.14111328125 0.4108072916666667 0.13671875 0.3990885416666667 0.1259765625 0.400390625 0.12451171875 0.4466145833333333 0.12890625 0.5677083333333334 0.14404296875 0.57421875
2 0.1201171875 0.5481770833333334 0.12451171875 0.5403645833333334 0.12109375 0.421875 0.1181640625 0.4186197916666667 0.10888671875 0.4212239583333333 0.1103515625 0.5364583333333334 0.11279296875 0.5481770833333334 0.1201171875 0.5481770833333334
2 0.10888671875 0.5384114583333334 0.1103515625 0.5182291666666666 0.10791015625 0.4309895833333333 0.10546875 0.427734375 0.09814453125 0.4309895833333333 0.10009765625 0.533203125 0.10205078125 0.5384114583333334 0.10888671875 0.5384114583333334
2 0.45263671875 0.572265625 0.48388671875 0.5729166666666666 0.48779296875 0.568359375 0.484375 0.4010416666666667 0.47900390625 0.3802083333333333 0.453125 0.3815104166666667 0.44970703125 0.3854166666666667 0.44970703125 0.494140625 0.45263671875 0.572265625
2 0.373046875 0.5520833333333334 0.376953125 0.5475260416666666 0.373046875 0.408203125 0.35888671875 0.4069010416666667 0.35693359375 0.41015625 0.357421875 0.5397135416666666 0.35888671875 0.5501302083333334 0.373046875 0.5520833333333334
2 0.296875 0.5052083333333334 0.2998046875 0.5091145833333334 0.31103515625 0.5084635416666666 0.3125 0.5052083333333334 0.30908203125 0.4244791666666667 0.30712890625 0.4212239583333333 0.2978515625 0.4225260416666667 0.2958984375 0.4251302083333333 0.296875 0.5052083333333334
2 0.2841796875 0.4388020833333333 0.2724609375 0.435546875 0.27197265625 0.4407552083333333 0.27197265625 0.5026041666666666 0.27978515625 0.5045572916666666 0.283203125 0.501953125 0.2841796875 0.4388020833333333
2 0.33056640625 0.4993489583333333 0.32958984375 0.44921875 0.328125 0.435546875 0.32421875 0.4322916666666667 0.3212890625 0.4368489583333333 0.32177734375 0.5026041666666666 0.326171875 0.5065104166666666 0.33056640625 0.4993489583333333