2 0.28662109375 0.5546875 0.28955078125 0.5970052083333334 0.29443359375 0.6028645833333334 0.349609375 0.5891927083333334 0.35400390625 0.5852864583333334 0.34033203125 0.14388020833333334 0.33544921875 0.13736979166666666 0.28564453125 0.11653645833333333 0.2685546875 0.15169270833333334 0.28662109375 0.5546875
2 0.560546875 0.271484375 0.55859375 0.3098958333333333 0.55322265625 0.4856770833333333 0.55419921875 0.4908854166666667 0.57470703125 0.5221354166666666 0.583984375 0.525390625 0.6015625 0.515625 0.61279296875 0.2643229166666667 0.609375 0.2604166666666667 0.59521484375 0.2565104166666667 0.5625 0.2682291666666667 0.560546875 0.271484375
2 0.19873046875 0.3255208333333333 0.2109375 0.4973958333333333 0.212890625 0.521484375 0.216796875 0.5260416666666666 0.23681640625 0.51953125 0.22412109375 0.3053385416666667 0.22021484375 0.2981770833333333 0.2021484375 0.2955729166666667 0.19873046875 0.3001302083333333 0.19873046875 0.3255208333333333
2 0.3798828125 0.4947916666666667 0.3828125 0.5 0.39208984375 0.5032552083333334 0.4033203125 0.4986979166666667 0.40185546875 0.35546875 0.3974609375 0.3307291666666667 0.39208984375 0.3274739583333333 0.3828125 0.3274739583333333 0.37646484375 0.3313802083333333 0.3798828125 0.4947916666666667
2 0.4853515625 0.4837239583333333 0.490234375 0.4908854166666667 0.5048828125 0.4921875 0.5078125 0.4700520833333333 0.5087890625 0.3515625 0.5068359375 0.3489583333333333 0.494140625 0.34765625 0.48583984375 0.3522135416666667 0.4853515625 0.4114583333333333 0.4853515625 0.4837239583333333
2 0.61962890625 0.4212239583333333 0.61865234375 0.4680989583333333 0.62060546875 0.4720052083333333 0.62548828125 0.4720052083333333 0.63037109375 0.4700520833333333 0.63232421875 0.4635416666666667 0.63818359375 0.3541666666666667 0.6357421875 0.34765625 0.6259765625 0.3470052083333333 0.62353515625 0.3515625 0.61962890625 0.4212239583333333
2 0.67626953125 0.376953125 0.6767578125 0.3626302083333333 0.6748046875 0.3587239583333333 0.6669921875 0.359375 0.6640625 0.3912760416666667 0.6611328125 0.462890625 0.6708984375 0.4654947916666667 0.67626953125 0.376953125
3 0.103515625 0.49609375 0.1083984375 0.4934895833333333 0.14892578125 0.4895833333333333 0.1845703125 0.4895833333333333 0.18603515625 0.4908854166666667 0.18603515625 0.5084635416666666 0.18896484375 0.5325520833333334 0.193359375 0.5475260416666666 0.197265625 0.5462239583333334 0.19287109375 0.505859375 0.19287109375 0.4934895833333333 0.197265625 0.48046875 0.19384765625 0.4772135416666667 0.107421875 0.48046875 0.09130859375 0.482421875 0.083984375 0.486328125 0.08349609375 0.4908854166666667 0.0908203125 0.5052083333333334 0.09521484375 0.5533854166666666 0.0986328125 0.5618489583333334 0.10205078125 0.5598958333333334 0.10205078125 0.5533854166666666 0.1064453125 0.546875 0.1044921875 0.5384114583333334 0.1025390625 0.5006510416666666 0.103515625 0.49609375
3 0.2958984375 0.9993489583333334 0.333984375 0.9993489583333334 0.33740234375 0.9895833333333334 0.337890625 0.97265625 0.3369140625 0.9479166666666666 0.33349609375 0.9329427083333334 0.3359375 0.9251302083333334 0.333984375 0.900390625 0.3359375 0.8782552083333334 0.33349609375 0.865234375 0.33203125 0.830078125 0.3330078125 0.7903645833333334 0.39599609375 0.7545572916666666 0.39892578125 0.7473958333333334 0.39990234375 0.7330729166666666 0.40478515625 0.71484375 0.4296875 0.7024739583333334 0.42578125 0.6940104166666666 0.42333984375 0.6790364583333334 0.4208984375 0.6555989583333334 0.4228515625 0.650390625 0.44482421875 0.64453125 0.46484375 0.6438802083333334 0.46484375 0.6295572916666666 0.458984375 0.6204427083333334 0.4541015625 0.6067708333333334 0.45556640625 0.5872395833333334 0.4580078125 0.5859375 0.4580078125 0.5826822916666666 0.44580078125 0.5813802083333334 0.41796875 0.5924479166666666 0.24462890625 0.6438802083333334 0.23583984375 0.6484375 0.234375 0.6510416666666666 0.24267578125 0.8365885416666666 0.24560546875 0.8515625 0.248046875 0.8548177083333334 0.25146484375 0.8541666666666666 0.27392578125 0.83984375 0.2763671875 0.8346354166666666 0.28515625 0.8346354166666666 0.29345703125 0.994140625 0.2958984375 0.9993489583333334
3 0.4619140625 0.5807291666666666 0.46337890625 0.5846354166666666 0.4892578125 0.5774739583333334 0.51953125 0.591796875 0.52587890625 0.591796875 0.52294921875 0.5813802083333334 0.525390625 0.5657552083333334 0.5400390625 0.5638020833333334 0.541015625 0.5572916666666666 0.5224609375 0.5592447916666666 0.4619140625 0.5807291666666666
3 0.52099609375 0.6842447916666666 0.525390625 0.6796875 0.53076171875 0.6536458333333334 0.53662109375 0.6484375 0.5673828125 0.6373697916666666 0.59130859375 0.6178385416666666 0.59619140625 0.6223958333333334 0.59228515625 0.63671875 0.5947265625 0.6399739583333334 0.59814453125 0.6399739583333334 0.64306640625 0.61328125 0.64794921875 0.6184895833333334 0.646484375 0.6282552083333334 0.64794921875 0.646484375 0.64404296875 0.6471354166666666 0.6455078125 0.6490885416666666 0.6455078125 0.6783854166666666 0.63916015625 0.728515625 0.64404296875 0.7376302083333334 0.6513671875 0.7408854166666666 0.65966796875 0.7330729166666666 0.6669921875 0.7180989583333334 0.6669921875 0.6985677083333334 0.67138671875 0.6783854166666666 0.66650390625 0.6692708333333334 0.6669921875 0.65625 0.67138671875 0.650390625 0.671875 0.6380208333333334 0.67919921875 0.6334635416666666 0.6787109375 0.6276041666666666 0.67724609375 0.6282552083333334 0.67236328125 0.618923828125 0.67333984375 0.6048177083333334 0.67919921875 0.5924479166666666 0.6962890625 0.5794270833333334 0.70654296875 0.5774739583333334 0.71435546875 0.5729166666666666 0.720703125 0.5553385416666666 0.72509765625 0.55078125 0.73681640625 0.556640625 0.73779296875 0.5592447916666666 0.74169921875 0.55859375 0.74365234375 0.548828125 0.7490234375 0.54296875 0.74462890625 0.5384114583333334 0.716796875 0.5345052083333334 0.71533203125 0.5358072916666666 0.7158203125 0.544921875 0.7138671875 0.546875 0.71533203125 0.5540364583333334 0.71142578125 0.5592447916666666 0.705078125 0.5598958333333334 0.6572265625 0.55078125 0.6572265625 0.54296875 0.66259765625 0.5397135416666666 0.6591796875 0.5364583333333334 0.658203125 0.53125 0.66015625 0.525390625 0.65869140625 0.521484375 0.650390625 0.521484375 0.611328125 0.5345052083333334 0.59521484375 0.537109375 0.58154296875 0.544921875 0.5810546875 0.5501302083333334 0.57763671875 0.5540364583333334 0.57080078125 0.5546875 0.56787109375 0.5631510416666666 0.56005859375 0.5696614583333334 0.5546875 0.58203125 0.548828125 0.5807291666666666 0.54638671875 0.5729166666666666 0.544921875 0.591796875 0.53564453125 0.595703125 0.53173828125 0.6087239583333334 0.5322265625 0.6126302083333334 0.54052734375 0.619140625 0.5400390625 0.6256510416666666 0.52587890625 0.6321614583333334 0.5224609375 0.6302083333333334 0.513671875 0.638671875 0.505859375 0.6419270833333334 0.48974609375 0.6373697916666666 0.4833984375 0.6302083333333334 0.47265625 0.62890625 0.470703125 0.64453125 0.474609375 0.6608072916666666 0.47998046875 0.671875 0.4833984375 0.67578125 0.48779296875 0.6764322916666666 0.50927734375 0.6614583333333334 0.51123046875 0.671875 0.5078125 0.6783854166666666 0.5087890625 0.6888020833333334 0.52099609375 0.6842447916666666
0 0.3896484375 0.8346354166666666 0.3974609375 0.9869791666666666 0.4013671875 0.990234375 0.40478515625 0.9850260416666666 0.4052734375 0.9322916666666666 0.4033203125 0.888671875 0.40478515625 0.8684895833333334 0.4072265625 0.865234375 0.43115234375 0.8561197916666666 0.4443359375 0.8450520833333334 0.45263671875 0.8424479166666666 0.47607421875 0.8170572916666666 0.4892578125 0.8092447916666666 0.49560546875 0.8932291666666666 0.49755859375 0.8971354166666666 0.50244140625 0.89453125 0.49853515625 0.7721354166666666 0.50341796875 0.73046875 0.50439453125 0.7018229166666666 0.509765625 0.669921875 0.5087890625 0.6634114583333334 0.443359375 0.7024739583333334 0.4072265625 0.712890625 0.40185546875 0.7291666666666666 0.39990234375 0.7473958333333334 0.39501953125 0.7578125 0.361328125 0.7747395833333334 0.35302734375 0.7825520833333334 0.3544921875 0.8763020833333334 0.35595703125 0.8782552083333334 0.36083984375 0.8763020833333334 0.3603515625 0.8404947916666666 0.36279296875 0.8333333333333334 0.3642578125 0.8118489583333334 0.3701171875 0.8079427083333334 0.37939453125 0.8248697916666666 0.38671875 0.828125 0.3896484375 0.8346354166666666
0 0.52001953125 0.8802083333333334 0.5224609375 0.8776041666666666 0.52294921875 0.8645833333333334 0.5234375 0.7858072916666666 0.52685546875 0.7766927083333334 0.54541015625 0.765625 0.5673828125 0.7447916666666666 0.57373046875 0.75 0.5771484375 0.810546875 0.5810546875 0.8131510416666666 0.58203125 0.8111979166666666 0.58251953125 0.7389322916666666 0.58056640625 0.703125 0.58447265625 0.6920572916666666 0.5869140625 0.6569010416666666 0.595703125 0.6197916666666666 0.59130859375 0.6197916666666666 0.58251953125 0.6282552083333334 0.56103515625 0.6419270833333334 0.53466796875 0.6510416666666666 0.5302734375 0.6608072916666666 0.521484375 0.69921875 0.5107421875 0.716796875 0.5126953125 0.720703125 0.50732421875 0.7265625 0.51025390625 0.7330729166666666 0.51025390625 0.74765625 0.50830078125 0.7545572916666666 0.5048828125 0.7552083333333334 0.50830078125 0.755859375 0.5107421875 0.76171875 0.5126953125 0.7740885416666666 0.51513671875 0.8645833333333334 0.51611328125 0.8763020833333334 0.52001953125 0.8802083333333334
0 0.3486328125 0.5924479166666666 0.28515625 0.6087239583333334 0.28271484375 0.6119791666666666 0.28271484375 0.619140625 0.2841796875 0.6276041666666666 0.28759765625 0.6302083333333334 0.36376953125 0.6100260416666666 0.373046875 0.6067708333333334 0.3759765625 0.6022135416666666 0.3720703125 0.587890625 0.36572265625 0.5852864583333334 0.3486328125 0.5924479166666666
0 0.4599609375 0.5748697916666666 0.45556640625 0.5553385416666666 0.40234375 0.5716145833333334 0.400390625 0.5794270833333334 0.404296875 0.595703125 0.45703125 0.5794270833333334 0.4599609375 0.5748697916666666
0 0.5380859375 0.5546875 0.53955078125 0.5514322916666666 0.53662109375 0.5423177083333334 0.533203125 0.5390625 0.494140625 0.5501302083333334 0.4951171875 0.5651041666666666 0.49755859375 0.5670572916666666 0.5380859375 0.5546875
0 0.6123046875 0.517578125 0.5712890625 0.53125 0.5703125 0.53515625 0.57177734375 0.5377604166666666 0.5849609375 0.5397135416666666 0.59912109375 0.533203125 0.60400390625 0.5266927083333334 0.611328125 0.5299479166666666 0.623046875 0.52734375 0.6240234375 0.521484375 0.62109375 0.517578125 0.6123046875 0.517578125
0 0.74951171875 0.65234375 0.75341796875 0.6608072916666666 0.75537109375 0.66796875 0.7548828125 0.6822916666666666 0.75537109375 0.67822265625 0.76416015625 0.66796875 0.76904296875 0.6673177083333334 0.76513671875 0.5813802083333334 0.763671875 0.580078125 0.7646484375 0.5670572916666666 0.763671875 0.560546875 0.76123046875 0.5579427083333334 0.7666015625 0.5345052083333334 0.7666015625 0.5240885416666666 0.7314453125 0.513671875 0.7265625 0.515625 0.7216796875 0.5221354166666666 0.72119140625 0.529296875 0.72314453125 0.5325520833333334 0.74853515625 0.5384114583333334 0.751953125 0.54296875 0.74755859375 0.5501302083333334 0.74853515625 0.560546875 0.73876953125 0.5729166666666666 0.73583984375 0.6171875 0.7373046875 0.6438802083333334 0.74951171875 0.65234375
0 0.89013671875 0.4908854166666667 0.8681640625 0.5013020833333334 0.8369140625 0.5475260416666666 0.82568359375 0.5989583333333334 0.82421875 0.623046875 0.82763671875 0.626953125 0.89013671875 0.6477864583333334 0.89404296875 0.6477864583333334 0.90478515625 0.6334635416666666 0.91162109375 0.5182291666666666 0.90771484375 0.5045572916666666 0.90087890625 0.4934895833333333 0.8974609375 0.490234375 0.89013671875 0.4908854166666667
5 0.36962890625 0.337890625 0.3623046875 0.3385416666666667 0.35693359375 0.3483072916666667 0.35888671875 0.44140625 0.36181640625 0.4453125 0.36083984375 0.4661458333333333 0.36376953125 0.48828125 0.373046875 0.494140625 0.37744140625 0.4915364583333333 0.37841796875 0.4635416666666667 0.37353515625 0.3430989583333333 0.36962890625 0.337890625
5 0.44384765625 0.4368489583333333 0.44677734375 0.4889322916666667 0.44921875 0.4908854166666667 0.484375 0.4856770833333333 0.48779296875 0.421875 0.486328125 0.3522135416666667 0.44873046875 0.349609375 0.44580078125 0.3522135416666667 0.4443359375 0.359375 0.44384765625 0.4368489583333333
5 0.6416015625 0.431640625 0.634765625 0.4381510416666667 0.63330078125 0.447265625 0.634765625 0.4680989583333333 0.6416015625 0.4694010416666667 0.66015625 0.46484375 0.66650390625 0.435546875 0.66552734375 0.4075520833333333 0.662109375 0.3919270833333333 0.64697265625 0.3977864583333333 0.64453125 0.404296875 0.64697265625 0.4088541666666667 0.6416015625 0.431640625
5 0.2353515625 0.3138020833333333 0.22607421875 0.3157552083333333 0.22705078125 0.4055989583333333 0.23193359375 0.4361979166666667 0.23681640625 0.5084635416666666 0.2412109375 0.513671875 0.2822265625 0.5123697916666666 0.28271484375 0.4739583333333333 0.2734375 0.32421875 0.271484375 0.3203125 0.25927734375 0.3177083333333333 0.2353515625 0.3138020833333333
5 0.10888671875 0.53515625 0.1845703125 0.5260416666666666 0.1865234375 0.5227864583333334 0.185546875 0.5071614583333334 0.177734375 0.4908854166666667 0.11279296875 0.4973958333333333 0.10498046875 0.505859375 0.10498046875 0.5266927083333334 0.10888671875 0.53515625
5 0 0.548828125 0.0205078125 0.5481770833333334 0.0703125 0.5397135416666666 0.09228515625 0.5546875 0.09130859375 0.51953125 0.19482421875 0.5071614583333334 0.19873046875 0.5227864583333334 0.21142578125 0.525390625 0.20654296875 0.3958333333333333 0.19921875 0.3541666666666667 0.1962890625 0.3515625 0.14794921875 0.3463541666666667 0.0048828125 0.3359375 0 0.3372395833333333 0 0.548828125
3 0.8046875 0.5846354166666666 0.81787109375 0.5227864583333334 0.85498046875 0.5208333333333334 0.86083984375 0.517578125 0.8671875 0.5065104166666666 0.8642578125 0.501953125 0.83203125 0.494140625 0.8056640625 0.4947916666666667 0.79296875 0.490234375 0.77978515625 0.4895833333333333 0.763671875 0.4921875 0.7646484375 0.505859375 0.77734375 0.513671875 0.78271484375 0.55078125 0.779296875 0.55859375 0.77880859375 0.568359375 0.7890625 0.5830078125 0.7900390625 0.5904947916666666 0.79296875 0.5930989583333334 0.7998046875 0.5911458333333334 0.8046875 0.5846354166666666
0 0.70263671875 0.4791666666666667 0.71044921875 0.4993489583333333 0.71240234375 0.5260416666666666 0.71728515625 0.52734375 0.7236328125 0.517578125 0.73193359375 0.5123697916666666 0.728515625 0.4733072916666667 0.716796875 0.4713541666666667 0.703125 0.474609375 0.70263671875 0.4791666666666667
0 0.70654296875 0.7252604166666666 0.708984375 0.6770833333333334 0.71826171875 0.662109375 0.72412109375 0.6614583333333334 0.72265625 0.6595052083333334 0.7412109375 0.5638020833333334 0.748046875 0.5579427083333334 0.74951171875 0.5397135416666666 0.7236328125 0.5325520833333334 0.71337890625 0.5325520833333334 0.69921875 0.578125 0.68017578125 0.5911458333333334 0.6826171875 0.5989583333333334 0.681640625 0.6360677083333334 0.66796875 0.6588541666666666 0.66796875 0.6692708333333334 0.669921875 0.6751302083333334 0.67626953125 0.6751302083333334 0.70166015625 0.6901041666666666 0.7041015625 0.7014973958333334 0.70361328125 0.720703125 0.70654296875 0.7252604166666666