1 0.71533203125 0.9010416666666666 0.87646484375 0.935546875 0.88671875 0.9055989583333334 0.89990234375 0.8001302083333334 0.87109375 0.6959635416666666 0.86279296875 0.68359375 0.79052734375 0.5963541666666666 0.77734375 0.5872395833333334 0.65380859375 0.59375 0.650390625 0.60546875 0.6484375 0.6328125 0.65087890625 0.75390625 0.66064453125 0.8489583333333334 0.66455078125 0.8639322916666666 0.71533203125 0.9010416666666666
1 0.3935546875 0.7923177083333334 0.484375 0.8033854166666666 0.49853515625 0.7858072916666666 0.50927734375 0.7545572916666666 0.52197265625 0.69921875 0.51953125 0.6432291666666666 0.51708984375 0.62890625 0.51171875 0.6197916666666666 0.40380859375 0.6158854166666666 0.359375 0.6360677083333334 0.34228515625 0.6751302083333334 0.34033203125 0.6875 0.34423828125 0.7604166666666666 0.3486328125 0.771484375 0.353515625 0.7766927083333334 0.3935546875 0.7923177083333334
1 0.22265625 0.650390625 0.26953125 0.6549479166666666 0.2958984375 0.640625 0.3740234375 0.5865885416666666 0.38330078125 0.5755208333333334 0.3837890625 0.5462239583333334 0.37890625 0.5358072916666666 0.3154296875 0.5201822916666666 0.22705078125 0.5494791666666666 0.216796875 0.5559895833333334 0.19482421875 0.591796875 0.19580078125 0.6087239583333334 0.2080078125 0.6438802083333334 0.22265625 0.650390625
1 0.3427734375 0.525390625 0.3359375 0.5325520833333334 0.3779296875 0.53515625 0.38134765625 0.5403645833333334 0.38134765625 0.55078125 0.3837890625 0.556640625 0.38330078125 0.5690104166666666 0.38623046875 0.5748697916666666 0.39404296875 0.5716145833333334 0.4111328125 0.5572916666666666 0.41455078125 0.556640625 0.41748046875 0.54296875 0.4287109375 0.5384114583333334 0.431640625 0.5345052083333334 0.435546875 0.533203125 0.4345703125 0.5260416666666666 0.4365234375 0.5227864583333334 0.43603515625 0.5149739583333334 0.42919921875 0.5071614583333334 0.4140625 0.5065104166666666 0.404296875 0.5084635416666666 0.39404296875 0.49609375 0.3876953125 0.4954427083333333 0.38720703125 0.4954427083333333 0.3720703125 0.4993489583333333 0.345703125 0.5104166666666666 0.34375 0.513671875 0.3427734375 0.525390625
1 0.6494140625 0.60546875 0.6591796875 0.5924479166666666 0.66748046875 0.5963541666666666 0.7001953125 0.5950520833333334 0.70947265625 0.599609375 0.728515625 0.5963541666666666 0.74462890625 0.5989583333333334 0.7587890625 0.5872395833333334 0.7607421875 0.5729166666666666 0.76025390625 0.5625 0.75634765625 0.5540364583333334 0.7333984375 0.525390625 0.72509765625 0.5221354166666666 0.71630859375 0.5234375 0.70849609375 0.533203125 0.6982421875 0.5384114583333334 0.66357421875 0.5364583333333334 0.65087890625 0.5384114583333334 0.64306640625 0.5638020833333334 0.6435546875 0.6067708333333334 0.6474609375 0.6158854166666666 0.64990234375 0.6126302083333334 0.6494140625 0.60546875
3 0.896484375 0.5572916666666666 0.89990234375 0.5423177083333334 0.9052734375 0.53125 0.91064453125 0.529296875 0.8994140625 0.525390625 0.88671875 0.5279947916666666 0.87939453125 0.5924479166666666 0.87890625 0.6158854166666666 0.8857421875 0.6197916666666666 0.8916015625 0.6184895833333334 0.896484375 0.5572916666666666
3 0.99951171875 0.541015625 0.99951171875 0.5319010416666666 0.98779296875 0.5286458333333334 0.9130859375 0.5286458333333334 0.91162109375 0.5325520833333334 0.94189453125 0.5416666666666666 0.98193359375 0.5442708333333334 0.99951171875 0.541015625
1 0.4462890625 0.6295572916666666 0.47607421875 0.638671875 0.4833984375 0.6380208333333334 0.5009765625 0.6197916666666666 0.5166015625 0.6184895833333334 0.52392578125 0.6002604166666666 0.5224609375 0.5852864583333334 0.51318359375 0.5696614583333334 0.50439453125 0.5625 0.486328125 0.5559895833333334 0.4619140625 0.5540364583333334 0.44970703125 0.5572916666666666 0.43994140625 0.5631510416666666 0.431640625 0.5807291666666666 0.43115234375 0.6028645833333334 0.43408203125 0.6139322916666666 0.44140625 0.6243489583333334 0.4462890625 0.6295572916666666
1 0.4814453125 0.5384114583333334 0.4833984375 0.5501302083333334 0.501953125 0.5501302083333334 0.5107421875 0.5390625 0.51171875 0.533203125 0.51171875 0.4798177083333333 0.5087890625 0.4765625 0.48046875 0.4765625 0.4736328125 0.4811197916666667 0.47216796875 0.5 0.4677734375 0.5182291666666666 0.46240234375 0.5260416666666666 0.4814453125 0.5384114583333334
1 0 0.8365885416666666 0.01171875 0.8326822916666666 0.0947265625 0.7786458333333334 0.23193359375 0.681640625 0.24609375 0.6705729166666666 0.24853515625 0.6673177083333334 0.24853515625 0.66015625 0.24609375 0.65625 0.23779296875 0.6529947916666666 0.2197265625 0.65234375 0.20556640625 0.6477864583333334 0.1953125 0.61328125 0.193359375 0.5950520833333334 0.18896484375 0.591796875 0.1572265625 0.6100260416666666 0.115234375 0.6263020833333334 0.11083984375 0.6354166666666666 0.07470703125 0.6555989583333334 0.0400390625 0.6686197916666666 0.01123046875 0.67578125 0 0.681640625 0 0.8365885416666666
0 0.89892578125 0.6282552083333334 0.904296875 0.607421875 0.92822265625 0.619140625 0.92431640625 0.6497395833333334 0.9248046875 0.654296875 0.92724609375 0.654296875 0.94091796875 0.5950520833333334 0.9404296875 0.5735677083333334 0.93603515625 0.5501302083333334 0.92919921875 0.5384114583333334 0.90771484375 0.529296875 0.90234375 0.5325520833333334 0.904296875 0.560546875 0.8955078125 0.6282552083333334 0.89697265625 0.6302083333333334 0.89892578125 0.6282552083333334
0 0.9453125 0.6282552083333334 0.97705078125 0.638671875 0.97802734375 0.650390625 0.9736328125 0.6927083333333334 0.9775390625 0.6946614583333334 0.98681640625 0.6555989583333334 0.99755859375 0.640625 0.99365234375 0.6178385416666666 0.99365234375 0.6015625 0.98779296875 0.5735677083333334 0.9833984375 0.5631510416666666 0.9609375 0.5533854166666666 0.94580078125 0.5501302083333334 0.94189453125 0.556640625 0.9423828125 0.58984375 0.93212890625 0.66015625 0.93603515625 0.6614583333333334 0.9453125 0.6282552083333334
0 0.67529296875 0.5358072916666666 0.68212890625 0.5319010416666666 0.68212890625 0.5045572916666666 0.67529296875 0.4876302083333333 0.6728515625 0.486328125 0.61572265625 0.486328125 0.61181640625 0.509765625 0.61279296875 0.55078125 0.61474609375 0.5436197916666666 0.67041015625 0.5299479166666666 0.67529296875 0.5358072916666666
5 0.72021484375 0.517578125 0.73583984375 0.5247395833333334 0.7509765625 0.541015625 0.8798828125 0.5553385416666666 0.88623046875 0.5260416666666666 0.8935546875 0.5208333333333334 0.9150390625 0.5240885416666666 0.921875 0.5201822916666666 0.92236328125 0.513671875 0.9189453125 0.5110677083333334 0.93603515625 0.3626302083333333 0.93896484375 0.302734375 0.7998046875 0.30859375 0.7275390625 0.3196614583333333 0.724609375 0.4635416666666667 0.72021484375 0.4700520833333333 0.716796875 0.482421875 0.72021484375 0.517578125
5 0.42724609375 0.4622395833333333 0.4267578125 0.4733072916666667 0.435546875 0.48046875 0.51416015625 0.5027669270833334 0.51318359375 0.5227864583333334 0.5185546875 0.5305989583333334 0.56298828125 0.5286458333333334 0.56982421875 0.5358072916666666 0.57080078125 0.5416666666666666 0.57421875 0.5423177083333334 0.57421875 0.5260416666666666 0.578125 0.517578125 0.57958984375 0.5006510416666666 0.6005859375 0.4947916666666667 0.6044921875 0.5123697916666666 0.60498046875 0.5397135416666666 0.6064453125 0.5397135416666666 0.609375 0.537109375 0.60986328125 0.501953125 0.61279296875 0.48828125 0.63916015625 0.4837239583333333 0.67578125 0.4856770833333333 0.6845703125 0.5045572916666666 0.685546875 0.5279947916666666 0.69189453125 0.53125 0.69580078125 0.53125 0.7041015625 0.517578125 0.7099609375 0.5130208333333334 0.71484375 0.4251302083333333 0.6953125 0.3697916666666667 0.69873046875 0.34375 0.7099609375 0.3287760416666667 0.71728515625 0.3274739583333333 0.720703125 0.3196614583333333 0.70947265625 0.318359375 0.67919921875 0.3235677083333333 0.65625 0.3209635416666667 0.5009765625 0.3430989583333333 0.4765625 0.341796875 0.41650390625 0.3509114583333333 0.4111328125 0.3528645833333333 0.40771484375 0.3587239583333333 0.40673828125 0.3919270833333333 0.41015625 0.431640625 0.41796875 0.4375 0.42724609375 0.4622395833333333